0.1  1
0.3  1
0.5  0.9998
0.7  0.9987
0.9  0.9917
1.1  0.9776
1.3  0.9328
1.5  0.8631
1.7  0.7402
1.9  0.6028
2.1  0.4625
2.3  0.3453
2.5  0.2442
2.7  0.1638
2.9  0.1051
3.1  0.0643
3.3  0.042
3.5  0.0258
3.7  0.0151
3.9  0.0091
4.1  0.0057
4.3  0.0041
4.5  0.0031
4.7  0.0007
4.9  0.0007
5.1  0.0002
5.3  0.0003
5.5  0.0003
5.7  0.0002
5.9  0.0001
6.1  0
6.3  0
6.5  0
6.7  0
6.9  0
7.1  0
7.3  0
7.5  0
7.7  0
7.9  0
8.1  0
8.3  0
8.5  0
8.7  0
8.9  0
9.1  0
9.3  0
9.5  0
9.7  0
9.9  0
10.1  0
10.3  0
10.5  0
10.7  0
10.9  0
11.1  0
11.3  0
11.5  0
11.7  0
11.9  0
12.1  0
12.3  0
12.5  0
12.7  0
12.9  0
13.1  0
13.3  0
13.5  0
13.7  0
13.9  0
14.1  0
14.3  0
14.5  0
14.7  0
14.9  0
15.1  0
15.3  0
15.5  0
15.7  0
15.9  0
16.1  0
16.3  0
16.5  0
16.7  0
16.9  0
17.1  0
17.3  0
17.5  0
17.7  0
17.9  0
18.1  0
18.3  0
18.5  0
18.7  0
18.9  0
19.1  0
19.3  0
19.5  0
19.7  0
19.9  0
20.1  0
20.3  0
20.5  0
20.7  0
20.9  0
21.1  0
21.3  0
21.5  0
21.7  0
21.9  0
22.1  0
22.3  0
22.5  0
22.7  0
22.9  0
23.1  0
23.3  0
23.5  0
23.7  0
23.9  0
24.1  0
24.3  0
24.5  0
24.7  0
24.9  0
