0.2  1
0.4  1
0.6  1
0.8  1
1  1
1.2  1
1.4  1
1.6  1
1.8  1
2  0.9999
2.2  0.9999
2.4  0.9997
2.6  0.9981
2.8  0.9952
3  0.9898
3.2  0.9809
3.4  0.9612
3.6  0.9467
3.8  0.9213
4  0.89
4.2  0.8467
4.4  0.8069
4.6  0.7692
4.8  0.7233
5  0.6616
5.2  0.6095
5.4  0.568
5.6  0.5201
5.8  0.4741
6  0.428
6.2  0.3901
6.4  0.351
6.6  0.318
6.8  0.2817
7  0.2478
7.2  0.2232
7.4  0.1985
7.6  0.1817
7.8  0.1575
8  0.1399
8.2  0.124
8.4  0.1099
8.6  0.0968
8.8  0.0914
9  0.0766
9.2  0.0618
9.4  0.0519
9.6  0.0469
9.8  0.0448
10  0.0398
10.2  0.0335
10.4  0.0292
10.6  0.0279
10.8  0.0238
11  0.0203
11.2  0.0188
11.4  0.0171
11.6  0.0129
11.8  0.0126
12  0.0108
12.2  0.0094
12.4  0.0064
12.6  0.0074
12.8  0.0058
13  0.0052
13.2  0.0052
13.4  0.0037
13.6  0.0027
13.8  0.0029
14  0.0028
14.2  0.0027
14.4  0.002
14.6  0.002
14.8  0.0013
15  0.0019
15.2  0.0013
15.4  0.0011
15.6  0.0007
15.8  0.0011
16  0.0012
16.2  0.0009
16.4  0.0003
16.6  0.0006
16.8  0.0001
17  0.0002
17.2  0.0002
17.4  0.0001
17.6  0.0001
17.8  0.0001
18  0.0002
18.2  0.0002
18.4  0
18.6  0.0001
18.8  0
19  0
19.2  0
19.4  0
19.6  0.0002
19.8  0
20  0
20.2  0
20.4  0
20.6  0
20.8  0
21  0
21.2  0.0001
21.4  0
21.6  0
21.8  0.0001
22  0
22.2  0
22.4  0
22.6  0
22.8  0
23  0
23.2  0
23.4  0
23.6  0
23.8  0
24  0
24.2  0
24.4  0
24.6  0
24.8  0
