0.1  1
0.3  1
0.5  1
0.7  1
0.9  1
1.1  1
1.3  1
1.5  1
1.7  1
1.9  1
2.1  1
2.3  0.9999
2.5  0.9997
2.7  0.9996
2.9  0.9967
3.1  0.9922
3.3  0.9802
3.5  0.9598
3.7  0.9324
3.9  0.8847
4.1  0.8338
4.3  0.7599
4.5  0.6924
4.7  0.6163
4.9  0.5256
5.1  0.4741
5.3  0.3943
5.5  0.3188
5.7  0.262
5.9  0.2232
6.1  0.1787
6.3  0.1377
6.5  0.1166
6.7  0.0959
6.9  0.0778
7.1  0.0578
7.3  0.0456
7.5  0.0362
7.7  0.0301
7.9  0.0231
8.1  0.0191
8.3  0.0148
8.5  0.0115
8.7  0.0087
8.9  0.0063
9.1  0.0054
9.3  0.0035
9.5  0.0016
9.7  0.0022
9.9  0.0013
10.1  0.0006
10.3  0.0005
10.5  0.0011
10.7  0.0007
10.9  0.0004
11.1  0.0005
11.3  0.0001
11.5  0.0003
11.7  0
11.9  0.0001
12.1  0.0001
12.3  0.0003
12.5  0.0001
12.7  0
12.9  0
13.1  0.0001
13.3  0
13.5  0.0001
13.7  0
13.9  0.0001
14.1  0
14.3  0
14.5  0
14.7  0
14.9  0
15.1  0
15.3  0
15.5  0
15.7  0
15.9  0
16.1  0
16.3  0
16.5  0
16.7  0
16.9  0
17.1  0
17.3  0
17.5  0
17.7  0
17.9  0
18.1  0
18.3  0
18.5  0
18.7  0
18.9  0
19.1  0
19.3  0
19.5  0
19.7  0
19.9  0
20.1  0
20.3  0
20.5  0
20.7  0
20.9  0
21.1  0
21.3  0
21.5  0
21.7  0
21.9  0
22.1  0
22.3  0
22.5  0
22.7  0
22.9  0
23.1  0
23.3  0
23.5  0
23.7  0
23.9  0
24.1  0
24.3  0
24.5  0
24.7  0
24.9  0
