0.2  1
0.4  1
0.6  1
0.8  0.9996
1  0.9962
1.2  0.9796
1.4  0.9527
1.6  0.902
1.8  0.8294
2  0.7279
2.2  0.6428
2.4  0.5341
2.6  0.4502
2.8  0.3745
3  0.2933
3.2  0.2325
3.4  0.178
3.6  0.1403
3.8  0.1169
4  0.0876
4.2  0.0682
4.4  0.0502
4.6  0.0384
4.8  0.0305
5  0.022
5.2  0.0156
5.4  0.0119
5.6  0.009
5.8  0.0082
6  0.0057
6.2  0.004
6.4  0.0037
6.6  0.0019
6.8  0.001
7  0.0015
7.2  0.001
7.4  0.0005
7.6  0.0007
7.8  0.0006
8  0.0004
8.2  0.0002
8.4  0.0004
8.6  0.0002
8.8  0.0001
9  0
9.2  0
9.4  0.0001
9.6  0
9.8  0.0001
10  0.0001
10.2  0.0001
10.4  0
10.6  0
10.8  0
11  0
11.2  0
11.4  0
11.6  0
11.8  0
12  0
12.2  0
12.4  0
12.6  0
12.8  0
13  0
13.2  0
13.4  0
13.6  0
13.8  0
14  0
14.2  0
14.4  0
14.6  0
14.8  0
15  0
15.2  0
15.4  0
15.6  0
15.8  0
16  0
16.2  0
16.4  0
16.6  0
16.8  0
17  0
17.2  0
17.4  0
17.6  0
17.8  0
18  0
18.2  0
18.4  0
18.6  0
18.8  0
19  0
19.2  0
19.4  0
19.6  0
19.8  0
20  0
20.2  0
20.4  0
20.6  0
20.8  0
21  0
21.2  0
21.4  0
21.6  0
21.8  0
22  0
22.2  0
22.4  0
22.6  0
22.8  0
23  0
23.2  0
23.4  0
23.6  0
23.8  0
24  0
24.2  0
24.4  0
24.6  0
24.8  0
