0.05  1
0.25  1
0.45  0.9998
0.65  0.9985
0.85  0.9928
1.05  0.9678
1.25  0.9064
1.45  0.779
1.65  0.5995
1.85  0.4048
2.05  0.2431
2.25  0.1302
2.45  0.0701
2.65  0.028
2.85  0.013
3.05  0.0055
3.25  0.0018
3.45  0.0009
3.65  0.0001
3.85  0.0001
4.05  0
4.25  0
4.45  0
4.65  0
4.85  0
5.05  0
5.25  0
5.45  0
5.65  0
5.85  0
6.05  0
6.25  0
6.45  0
6.65  0
6.85  0
7.05  0
7.25  0
7.45  0
7.65  0
7.85  0
8.05  0
8.25  0
8.45  0
8.65  0
8.85  0
9.05  0
9.25  0
9.45  0
9.65  0
9.85  0
10.05  0
10.25  0
10.45  0
10.65  0
10.85  0
11.05  0
11.25  0
11.45  0
11.65  0
11.85  0
12.05  0
12.25  0
12.45  0
12.65  0
12.85  0
13.05  0
13.25  0
13.45  0
13.65  0
13.85  0
14.05  0
14.25  0
14.45  0
14.65  0
14.85  0
15.05  0
15.25  0
15.45  0
15.65  0
15.85  0
16.05  0
16.25  0
16.45  0
16.65  0
16.85  0
17.05  0
17.25  0
17.45  0
17.65  0
17.85  0
18.05  0
18.25  0
18.45  0
18.65  0
18.85  0
19.05  0
19.25  0
19.45  0
19.65  0
19.85  0
20.05  0
20.25  0
20.45  0
20.65  0
20.85  0
21.05  0
21.25  0
21.45  0
21.65  0
21.85  0
22.05  0
22.25  0
22.45  0
22.65  0
22.85  0
23.05  0
23.25  0
23.45  0
23.65  0
23.85  0
24.05  0
24.25  0
24.45  0
24.65  0
24.85  0
